1.000000000 0.000000000 0.000000000 0.000000000 0.000000000 1.000000000 0.000000000 0.000000000 0.000000000 0.000000000 1.000000000 0.000000000
0.990163445 0.138070926 0.022644931 0.003590020 -0.136970326 0.989573777 -0.044529181 0.000521139 -0.028557016 0.040989481 0.998751402 -0.005785815
0.998370707 0.056767952 0.005777222 -0.001914860 -0.056416024 0.997192383 -0.049239732 0.000975518 -0.008556240 0.048833579 0.998770297 -0.005556366
0.990376949 -0.137245551 -0.017808445 0.002287729 0.135983914 0.988945067 -0.059127711 -0.010549910 0.025726588 0.056137059 0.998091578 -0.004985772
0.960325360 -0.277534723 -0.027380606 0.013309575 0.275375575 0.959189594 -0.064215399 -0.021600615 0.044085197 0.054127727 0.997560382 -0.014797016
0.974053144 -0.226266608 0.004890845 0.010507361 0.225893050 0.970664859 -0.082353182 -0.019856928 0.013886401 0.081321180 0.996591210 -0.011420311
0.996358573 -0.080614254 0.027766058 0.011489523 0.083226025 0.990291893 -0.111334532 -0.014704531 -0.018521352 0.113239974 0.993395030 -0.009281063
0.999793887 0.011174274 0.016949320 0.009524600 -0.008951783 0.991995275 -0.125957221 -0.013109815 -0.018221125 0.125779539 0.991890848 -0.009994818
0.997158587 -0.074186303 -0.013084127 0.009805972 0.072091132 0.990156233 -0.119973086 -0.015198999 0.021855688 0.118688941 0.992690921 -0.010004591
0.974479556 -0.220850423 -0.040183615 0.007498232 0.214739740 0.969303429 -0.119740307 -0.020183701 0.065394811 0.108055457 0.991991699 -0.012978217
0.941237211 -0.332199842 -0.060957704 0.034544311 0.323616177 0.938707054 -0.118750453 0.070203319 0.096670307 0.092045441 0.991051197 -0.783207357
0.969809711 0.237995148 0.053173598 0.003240228 -0.227005035 0.960708857 -0.159709811 -0.000874345 -0.089094497 0.142817453 0.985730886 -0.001272506
0.917036772 0.397546440 0.031629574 -0.003697807 -0.391218662 0.912157476 -0.122134082 0.011864205 -0.077405117 0.099627361 0.992009521 -0.005785719
0.972815812 0.231579423 0.000594888 -0.016188052 -0.231257454 0.971592426 -0.050280679 0.012042658 -0.012221959 0.048776269 0.998734951 0.004687994
0.991887271 -0.093607396 -0.086007297 -0.014320530 0.093587607 0.995601892 -0.004271120 0.000768983 0.086028837 -0.003812746 0.996285379 0.009215511
0.947836339 -0.285443038 -0.141874954 -0.000347190 0.291054994 0.956495762 0.020070124 -0.012251645 0.129973918 -0.060316604 0.989681125 -0.011451691
0.964836419 -0.244950056 -0.095342524 -0.006928014 0.246830925 0.969023228 0.008277245 -0.005334869 0.090361610 -0.031519670 0.995410085 -0.001530185
0.999250114 0.032038987 -0.021742865 -0.019061679 -0.033231437 0.997826695 -0.056899648 0.007543262 0.019872604 0.057579525 0.998143137 0.004443833
0.947063029 0.320945472 0.008098389 -0.007213380 -0.318175972 0.941659570 -0.109733105 0.010303107 -0.042844266 0.101347454 0.993928075 -0.001805842
0.951439619 0.307818592 -0.003214954 -0.010649036 -0.307368040 0.949368179 -0.064999685 0.010848152 -0.016955936 0.062831454 0.997880101 -0.019412469
0.963672757 0.263920605 -0.040996425 0.141522378 -0.264541924 0.964317501 -0.010454034 -0.003864669 0.036774535 0.020919541 0.999104619 -0.060648415
0.973880112 -0.207923472 -0.091243677 0.000678542 0.211492315 0.976879776 0.031256113 -0.009229289 0.082635224 -0.049737040 0.995337963 -0.008922772
0.938829660 -0.328814417 -0.102371842 0.000434036 0.331618339 0.943347096 0.011204558 -0.013525467 0.092887953 -0.044467553 0.994683087 -0.012246099
0.994193971 -0.107558958 -0.003065212 -0.041621953 0.107357018 0.993445694 -0.039243717 0.014012870 0.007266135 0.038686793 0.999224961 0.029606331
0.977872550 0.188958824 0.089776784 -0.119253114 -0.178927690 0.977794707 -0.109098032 -0.031783335 -0.108398296 0.090620421 0.989968538 0.003785652
0.954834282 0.292242557 0.053719699 -0.000108836 -0.283611238 0.950275242 -0.128614515 0.002762552 -0.088635132 0.107570045 0.990238607 -0.008023567
0.999254107 0.034730788 0.016882647 -0.010595430 -0.033348013 0.996531427 -0.076242991 0.001907571 -0.019472066 0.075623117 0.996946335 0.007723833
0.965190649 -0.258499831 -0.039810900 0.000420724 0.256839305 0.965522885 -0.042416256 -0.014853274 0.049402930 0.030714771 0.998306572 -0.005484188
0.934901774 -0.352861911 -0.038041651 0.009296001 0.351110578 0.935208857 -0.045888774 -0.017757470 0.051769290 0.029544670 0.998221934 -0.010938170
0.995398760 -0.076251298 0.058026485 0.001930629 0.080969706 0.993183136 -0.083852097 -0.004356693 -0.051237095 0.088164657 0.994787276 0.003811869
0.948547781 0.301390707 0.097060561 0.019056136 -0.286690712 0.947622240 -0.140785411 0.000896880 -0.134408161 0.105715327 0.985270858 0.003603237
0.946997464 0.312242210 0.075502314 0.009110601 -0.305495232 0.948033571 -0.088909857 0.010745444 -0.099340141 0.061131813 0.993173897 0.005874080
0.998670399 -0.050759055 -0.008994395 -0.001757875 0.050538857 0.998452187 -0.023217808 -0.000226026 0.010158988 0.022732373 0.999689996 0.002607452
0.926932216 -0.361122340 -0.101918161 0.003348594 0.362084955 0.932096243 -0.009542620 -0.016614122 0.098443583 -0.028057670 0.994747043 -0.008028013
0.942021489 -0.328879952 -0.066585042 0.010605010 0.328336388 0.944364429 -0.019262686 -0.005339461 0.069215655 -0.003716423 0.997594774 0.004982639
0.951963186 -0.305528283 -0.020457579 -0.003568152 0.304734319 0.951807797 -0.034624945 0.042069368 0.030050583 0.026727548 0.999190986 0.044500723
0.886384189 0.447745949 0.117671572 0.007129618 -0.431763113 0.891235352 -0.138852775 0.014127344 -0.167043835 0.072270654 0.983297169 0.002865611
0.939283490 0.326705188 0.104929477 -0.009833376 -0.320945621 0.944637060 -0.068225831 0.020657010 -0.121410005 0.030406745 0.992136598 0.020366380
0.976043046 0.201119140 0.083012722 -0.028977100 -0.201848105 0.979416728 0.000397366 0.026438367 -0.081224129 -0.017143805 0.996548414 0.038896523
0.889431119 -0.432423949 -0.148060098 0.003806586 0.437990844 0.898961961 0.005605951 -0.016078744 0.130676255 -0.069835067 0.988962471 -0.005729578
0.880178988 -0.460681349 -0.114270024 0.012767677 0.462538421 0.886527359 -0.011289235 -0.019246811 0.106504239 -0.042917732 0.993385553 -0.007154061
0.956799865 -0.290610254 -0.008928301 0.007658435 0.290408611 0.956716299 -0.018888086 -0.010336610 0.014030922 0.015479263 0.999781728 0.002108140
0.992987156 -0.108091399 0.047883056 0.019386731 0.110129282 0.993021727 -0.042183109 -0.008860379 -0.042989284 0.047160611 0.997961819 -0.007508361
0.994842589 -0.087593831 0.051142700 0.018730903 0.089849330 0.995000362 -0.043604281 -0.010216234 -0.047067542 0.047974534 0.997739017 -0.011015759
0.984357357 -0.168078572 0.052821845 0.014411104 0.170171857 0.984682381 -0.037975073 -0.009608804 -0.045629948 0.046369832 0.997881651 -0.005695494
0.976672888 -0.196103811 0.087483503 0.018618023 0.199797869 0.979190290 -0.035597838 -0.011372020 -0.078682125 0.052246459 0.995529711 -0.004968335
0.974484682 -0.167697847 0.149187729 0.027118616 0.176450029 0.983167231 -0.047408901 -0.008587855 -0.138726115 0.072523430 0.987671733 -0.001316423
0.969598293 -0.150724486 0.192772642 0.030416874 0.163609520 0.985117972 -0.052674029 -0.002338902 -0.181964517 0.082612082 0.979828656 0.001500955
0.962192833 -0.126260370 0.241336390 0.024072424 0.147903010 0.986251950 -0.073700771 -0.003439694 -0.228712991 0.106608734 0.967638850 -0.010912918
0.948209643 -0.062828876 0.311369658 -0.230006516 0.103546247 0.987837136 -0.115999907 0.072933555 -0.300294369 0.142233387 0.943182349 -0.256518990
0.948209643 -0.062828876 0.311369658 -0.230006516 0.103546247 0.987837136 -0.115999907 0.072933555 -0.300294369 0.142233387 0.943182349 -0.256518990
0.948209643 -0.062828876 0.311369658 -0.230006516 0.103546247 0.987837136 -0.115999907 0.072933555 -0.300294369 0.142233387 0.943182349 -0.256518990
0.948209643 -0.062828876 0.311369658 -0.230006516 0.103546247 0.987837136 -0.115999907 0.072933555 -0.300294369 0.142233387 0.943182349 -0.256518990
0.948209643 -0.062828876 0.311369658 -0.230006516 0.103546247 0.987837136 -0.115999907 0.072933555 -0.300294369 0.142233387 0.943182349 -0.256518990
0.948209643 -0.062828876 0.311369658 -0.230006516 0.103546247 0.987837136 -0.115999907 0.072933555 -0.300294369 0.142233387 0.943182349 -0.256518990
0.948209643 -0.062828876 0.311369658 -0.230006516 0.103546247 0.987837136 -0.115999907 0.072933555 -0.300294369 0.142233387 0.943182349 -0.256518990
0.948209643 -0.062828876 0.311369658 -0.230006516 0.103546247 0.987837136 -0.115999907 0.072933555 -0.300294369 0.142233387 0.943182349 -0.256518990
0.948209643 -0.062828876 0.311369658 -0.230006516 0.103546247 0.987837136 -0.115999907 0.072933555 -0.300294369 0.142233387 0.943182349 -0.256518990
0.948209643 -0.062828876 0.311369658 -0.230006516 0.103546247 0.987837136 -0.115999907 0.072933555 -0.300294369 0.142233387 0.943182349 -0.256518990
0.948209643 -0.062828876 0.311369658 -0.230006516 0.103546247 0.987837136 -0.115999907 0.072933555 -0.300294369 0.142233387 0.943182349 -0.256518990
0.948209643 -0.062828876 0.311369658 -0.230006516 0.103546247 0.987837136 -0.115999907 0.072933555 -0.300294369 0.142233387 0.943182349 -0.256518990
0.948209643 -0.062828876 0.311369658 -0.230006516 0.103546247 0.987837136 -0.115999907 0.072933555 -0.300294369 0.142233387 0.943182349 -0.256518990
0.948209643 -0.062828876 0.311369658 -0.230006516 0.103546247 0.987837136 -0.115999907 0.072933555 -0.300294369 0.142233387 0.943182349 -0.256518990
0.948209643 -0.062828876 0.311369658 -0.230006516 0.103546247 0.987837136 -0.115999907 0.072933555 -0.300294369 0.142233387 0.943182349 -0.256518990
0.948209643 -0.062828876 0.311369658 -0.230006516 0.103546247 0.987837136 -0.115999907 0.072933555 -0.300294369 0.142233387 0.943182349 -0.256518990
0.948209643 -0.062828876 0.311369658 -0.230006516 0.103546247 0.987837136 -0.115999907 0.072933555 -0.300294369 0.142233387 0.943182349 -0.256518990
0.948209643 -0.062828876 0.311369658 -0.230006516 0.103546247 0.987837136 -0.115999907 0.072933555 -0.300294369 0.142233387 0.943182349 -0.256518990
0.948209643 -0.062828876 0.311369658 -0.230006516 0.103546247 0.987837136 -0.115999907 0.072933555 -0.300294369 0.142233387 0.943182349 -0.256518990
0.948209643 -0.062828876 0.311369658 -0.230006516 0.103546247 0.987837136 -0.115999907 0.072933555 -0.300294369 0.142233387 0.943182349 -0.256518990
0.948209643 -0.062828876 0.311369658 -0.230006516 0.103546247 0.987837136 -0.115999907 0.072933555 -0.300294369 0.142233387 0.943182349 -0.256518990
0.948209643 -0.062828876 0.311369658 -0.230006516 0.103546247 0.987837136 -0.115999907 0.072933555 -0.300294369 0.142233387 0.943182349 -0.256518990
0.948209643 -0.062828876 0.311369658 -0.230006516 0.103546247 0.987837136 -0.115999907 0.072933555 -0.300294369 0.142233387 0.943182349 -0.256518990
0.948209643 -0.062828876 0.311369658 -0.230006516 0.103546247 0.987837136 -0.115999907 0.072933555 -0.300294369 0.142233387 0.943182349 -0.256518990
0.948209643 -0.062828876 0.311369658 -0.230006516 0.103546247 0.987837136 -0.115999907 0.072933555 -0.300294369 0.142233387 0.943182349 -0.256518990
0.948209643 -0.062828876 0.311369658 -0.230006516 0.103546247 0.987837136 -0.115999907 0.072933555 -0.300294369 0.142233387 0.943182349 -0.256518990
0.948209643 -0.062828876 0.311369658 -0.230006516 0.103546247 0.987837136 -0.115999907 0.072933555 -0.300294369 0.142233387 0.943182349 -0.256518990
0.948209643 -0.062828876 0.311369658 -0.230006516 0.103546247 0.987837136 -0.115999907 0.072933555 -0.300294369 0.142233387 0.943182349 -0.256518990
0.948209643 -0.062828876 0.311369658 -0.230006516 0.103546247 0.987837136 -0.115999907 0.072933555 -0.300294369 0.142233387 0.943182349 -0.256518990
0.948209643 -0.062828876 0.311369658 -0.230006516 0.103546247 0.987837136 -0.115999907 0.072933555 -0.300294369 0.142233387 0.943182349 -0.256518990
0.948209643 -0.062828876 0.311369658 -0.230006516 0.103546247 0.987837136 -0.115999907 0.072933555 -0.300294369 0.142233387 0.943182349 -0.256518990
0.948209643 -0.062828876 0.311369658 -0.230006516 0.103546247 0.987837136 -0.115999907 0.072933555 -0.300294369 0.142233387 0.943182349 -0.256518990
0.948209643 -0.062828876 0.311369658 -0.230006516 0.103546247 0.987837136 -0.115999907 0.072933555 -0.300294369 0.142233387 0.943182349 -0.256518990
0.948209643 -0.062828876 0.311369658 -0.230006516 0.103546247 0.987837136 -0.115999907 0.072933555 -0.300294369 0.142233387 0.943182349 -0.256518990
0.948209643 -0.062828876 0.311369658 -0.230006516 0.103546247 0.987837136 -0.115999907 0.072933555 -0.300294369 0.142233387 0.943182349 -0.256518990
0.948209643 -0.062828876 0.311369658 -0.230006516 0.103546247 0.987837136 -0.115999907 0.072933555 -0.300294369 0.142233387 0.943182349 -0.256518990
0.948209643 -0.062828876 0.311369658 -0.230006516 0.103546247 0.987837136 -0.115999907 0.072933555 -0.300294369 0.142233387 0.943182349 -0.256518990
0.948209643 -0.062828876 0.311369658 -0.230006516 0.103546247 0.987837136 -0.115999907 0.072933555 -0.300294369 0.142233387 0.943182349 -0.256518990
0.948209643 -0.062828876 0.311369658 -0.230006516 0.103546247 0.987837136 -0.115999907 0.072933555 -0.300294369 0.142233387 0.943182349 -0.256518990
0.945965827 -0.116965465 0.302436322 0.062005706 0.152099252 0.983762443 -0.095274493 0.014700400 -0.286381662 0.136126757 0.948396027 -0.053437054
0.971764565 -0.120333456 0.202961847 0.052914839 0.133390710 0.989704669 -0.051880628 0.020055627 -0.194629312 0.077488981 0.977811277 -0.044120040
0.980779886 -0.118283920 0.155176342 0.048896529 0.126633734 0.990926504 -0.045040075 0.023647875 -0.148440838 0.063824959 0.986859500 -0.036223661
0.987804055 -0.102791071 0.116949432 0.046940878 0.109032743 0.992865443 -0.048271138 0.025963459 -0.111153208 0.060433745 0.991964102 -0.033207018
0.992008805 -0.096585087 0.081177592 0.041361049 0.100671545 0.993768692 -0.047843520 0.026276557 -0.076050781 0.055633467 0.995550692 -0.030671457
0.994318843 -0.086590506 0.061904412 0.038855180 0.088849492 0.995439887 -0.034716126 0.028482761 -0.058616035 0.040019073 0.997478127 -0.028868852
0.996428728 -0.075991876 0.036811110 0.034923811 0.076900162 0.996751845 -0.023919050 0.030708522 -0.034873888 0.026664408 0.999035954 -0.028541747
0.996788681 -0.076588608 0.023377955 0.032897871 0.076701500 0.997046173 -0.003969955 0.034316119 -0.023004847 0.005750330 0.999718845 -0.025406530
0.997621596 -0.065291971 0.022092292 0.031417031 0.065117352 0.997841120 0.008533970 0.037230670 -0.022601796 -0.007075082 0.999719501 -0.023812518
0.998088062 -0.057418171 0.022877837 0.030443363 0.056949753 0.998163939 0.020626027 0.039496288 -0.024020141 -0.019283704 0.999525487 -0.023302564
0.998199582 -0.051962506 0.029958105 0.030649405 0.051283091 0.998418868 0.023018301 0.040549312 -0.031106824 -0.021440513 0.999286056 -0.022883710
0.997911870 -0.053120799 0.036742870 0.031060720 0.052429907 0.998433828 0.019518755 0.040410157 -0.037722174 -0.017551573 0.999134123 -0.022836858
0.998004198 -0.045153219 0.044145551 0.031296376 0.044512391 0.998890221 0.015393489 0.040426850 -0.044791624 -0.013397743 0.998906493 -0.023151018
0.998065352 -0.046400469 0.041382574 0.031137640 0.045818500 0.998838603 0.014902912 0.040162191 -0.042026013 -0.012977993 0.999032199 -0.023710487
0.998102427 -0.042965185 0.044108272 0.031210428 0.042386647 0.999003649 0.013969279 0.039972931 -0.044664513 -0.012073169 0.998929083 -0.023906963
0.998077750 -0.041026123 0.046450071 0.031315528 0.040396463 0.999079764 0.014414516 0.040222153 -0.046998698 -0.012510390 0.998816609 -0.024100497
0.998127818 -0.037823882 0.048064876 0.031284135 0.037272684 0.999229252 0.012313074 0.040239107 -0.048493560 -0.010498515 0.998768330 -0.024393439
0.998016417 -0.038209468 0.050032970 0.031204190 0.037591550 0.999205530 0.013233841 0.040190838 -0.050498880 -0.011326774 0.998659909 -0.024758946
0.998153389 -0.037026022 0.048154496 0.031130474 0.036455896 0.999255002 0.012664683 0.040106498 -0.048587546 -0.010885782 0.998759627 -0.024801411
0.998128772 -0.033748049 0.050989985 0.030985741 0.033116102 0.999364495 0.013188225 0.040172715 -0.051402658 -0.011474958 0.998612106 -0.025055526
0.998212993 -0.030607415 0.051322274 0.030873923 0.029858472 0.999437094 0.015296892 0.040619299 -0.051761582 -0.013737152 0.998564959 -0.024831850
0.998264730 -0.027047001 0.052306298 0.030824350 0.026319401 0.999547720 0.014549628 0.041150417 -0.052676164 -0.013147710 0.998525083 -0.024792612
0.998262346 -0.024129283 0.053759292 0.030903814 0.023336019 0.999610066 0.015335121 0.041934155 -0.054108355 -0.014053946 0.998436153 -0.024259150
0.998253882 -0.023460677 0.054210860 0.031074295 0.022481915 0.999574304 0.018594658 0.042672940 -0.054624029 -0.017343426 0.998356342 -0.023664491
0.998170793 -0.022358313 0.056171022 0.031178026 0.021205604 0.999553859 0.021034377 0.043411262 -0.056616254 -0.019804759 0.998199582 -0.023040842
0.998083055 -0.021162281 0.058157809 0.031229876 0.020009844 0.999593139 0.020327182 0.043524850 -0.058564316 -0.019124487 0.998100460 -0.023040250
0.998075247 -0.018130140 0.059305433 0.031564116 0.016852435 0.999616504 0.021974215 0.045116071 -0.059681084 -0.020932479 0.997997999 -0.021677161
0.998055160 -0.016306354 0.060166180 0.031536642 0.015133560 0.999687493 0.019897062 0.045049690 -0.060471825 -0.018947838 0.997990072 -0.021750553
0.997791350 -0.011289231 0.065459728 0.031587750 0.010194501 0.999802947 0.017033707 0.045104750 -0.065639123 -0.016328758 0.997709811 -0.021687891
0.997809827 -0.014820966 0.064466454 0.031910248 0.013702193 0.999748349 0.017762000 0.045017432 -0.064713478 -0.016839767 0.997761786 -0.021685010
0.997799397 -0.012155032 0.065181606 0.031817451 0.011095365 0.999800742 0.016594581 0.044959832 -0.065370329 -0.015834849 0.997735441 -0.021813512
0.997807086 -0.014628329 0.064552531 0.032013066 0.013680000 0.999792278 0.015108471 0.044350110 -0.064760134 -0.014192261 0.997799933 -0.022279279
0.997761846 -0.012983179 0.065595433 0.032495577 0.011948345 0.999798298 0.016143775 0.044281352 -0.065791801 -0.015323885 0.997715712 -0.021995923
0.997776210 -0.015719475 0.064773344 0.032690197 0.014621790 0.999741912 0.017385930 0.044203725 -0.065029927 -0.016400164 0.997748554 -0.022160059
0.997543931 -0.013008718 0.068825066 0.032863464 0.011909352 0.999795258 0.016359640 0.043963287 -0.069023788 -0.015499798 0.997494578 -0.023068139
0.997597396 -0.014603313 0.067721546 0.033007897 0.013483390 0.999765158 0.016964894 0.044136468 -0.067953385 -0.016011018 0.997560024 -0.023137940
0.997601628 -0.012157602 0.068141133 0.032633312 0.010992106 0.999787271 0.017453086 0.044721827 -0.068338826 -0.016662210 0.997523010 -0.023036381
0.997847497 -0.011076487 0.064634800 0.032012116 0.009854635 0.999767244 0.019192223 0.045718689 -0.064832337 -0.018513959 0.997724414 -0.022729922
0.997977793 -0.006208097 0.063259572 0.031243613 0.004834619 0.999749780 0.021841770 0.046556547 -0.063379340 -0.021491766 0.997758090 -0.022522587
0.998042166 -0.006610401 0.062194530 0.030878063 0.005262620 0.999748290 0.021809323 0.046761163 -0.062323041 -0.021439318 0.997825742 -0.022538522
0.998058200 -0.003789341 0.062173221 0.030580088 0.002313459 0.999714255 0.023793075 0.047251895 -0.062245615 -0.023603039 0.997781754 -0.022535890
0.998211861 -0.005223737 0.059546970 0.030750850 0.003832816 0.999717712 0.023448726 0.048453007 -0.059652649 -0.023178563 0.997950077 -0.021309942
0.998159766 -0.002229345 0.060598355 0.030817254 0.000796811 0.999719918 0.023653708 0.048717868 -0.060634114 -0.023561893 0.997881949 -0.021129098
0.998265028 -0.003484538 0.058777709 0.030780509 0.002137646 0.999734044 0.022962345 0.048682079 -0.058842089 -0.022796860 0.998006999 -0.021205004
0.998069763 -0.000959942 0.062094893 0.030841956 -0.000349472 0.999777853 0.021073008 0.048595779 -0.062101331 -0.021054033 0.997847736 -0.021673098
0.998196661 -0.006699489 0.059653409 0.030909143 0.005482412 0.999773920 0.020542823 0.048552006 -0.059777550 -0.020178733 0.998007774 -0.021556590
0.998122811 -0.009875474 0.060442638 0.030944286 0.008643530 0.999750257 0.020609668 0.048597902 -0.060631070 -0.020048540 0.997958899 -0.021570170
0.998096406 -0.007610720 0.061202116 0.030883551 0.006438376 0.999792457 0.019329730 0.048611160 -0.061336525 -0.018898891 0.997938216 -0.021805085
0.998097062 -0.007690402 0.061180953 0.031377330 0.006580984 0.999810636 0.018314270 0.048710641 -0.061310209 -0.017876789 0.997958660 -0.021823576
0.998156071 -0.008477893 0.060105063 0.031294819 0.007275836 0.999769688 0.020189997 0.048798516 -0.060262386 -0.019715454 0.997987866 -0.021855792
0.997294664 -0.003137132 0.073440731 0.030816309 0.001508834 0.999752045 0.022216583 0.049125176 -0.073492222 -0.022045670 0.997052073 -0.021607574
0.980522871 0.059532154 0.187165216 0.046986107 -0.063002065 0.997933328 0.012640394 0.054139424 -0.186025903 -0.024185989 0.982247114 -0.005629457
0.980522871 0.059532154 0.187165216 0.046986107 -0.063002065 0.997933328 0.012640394 0.054139424 -0.186025903 -0.024185989 0.982247114 -0.005629457
0.980522871 0.059532154 0.187165216 0.046986107 -0.063002065 0.997933328 0.012640394 0.054139424 -0.186025903 -0.024185989 0.982247114 -0.005629457
0.980522871 0.059532154 0.187165216 0.046986107 -0.063002065 0.997933328 0.012640394 0.054139424 -0.186025903 -0.024185989 0.982247114 -0.005629457
0.980522871 0.059532154 0.187165216 0.046986107 -0.063002065 0.997933328 0.012640394 0.054139424 -0.186025903 -0.024185989 0.982247114 -0.005629457
0.980522871 0.059532154 0.187165216 0.046986107 -0.063002065 0.997933328 0.012640394 0.054139424 -0.186025903 -0.024185989 0.982247114 -0.005629457
0.980522871 0.059532154 0.187165216 0.046986107 -0.063002065 0.997933328 0.012640394 0.054139424 -0.186025903 -0.024185989 0.982247114 -0.005629457
0.980522871 0.059532154 0.187165216 0.046986107 -0.063002065 0.997933328 0.012640394 0.054139424 -0.186025903 -0.024185989 0.982247114 -0.005629457
0.980522871 0.059532154 0.187165216 0.046986107 -0.063002065 0.997933328 0.012640394 0.054139424 -0.186025903 -0.024185989 0.982247114 -0.005629457
0.980522871 0.059532154 0.187165216 0.046986107 -0.063002065 0.997933328 0.012640394 0.054139424 -0.186025903 -0.024185989 0.982247114 -0.005629457
0.980522871 0.059532154 0.187165216 0.046986107 -0.063002065 0.997933328 0.012640394 0.054139424 -0.186025903 -0.024185989 0.982247114 -0.005629457
0.980522871 0.059532154 0.187165216 0.046986107 -0.063002065 0.997933328 0.012640394 0.054139424 -0.186025903 -0.024185989 0.982247114 -0.005629457
0.980522871 0.059532154 0.187165216 0.046986107 -0.063002065 0.997933328 0.012640394 0.054139424 -0.186025903 -0.024185989 0.982247114 -0.005629457
0.980522871 0.059532154 0.187165216 0.046986107 -0.063002065 0.997933328 0.012640394 0.054139424 -0.186025903 -0.024185989 0.982247114 -0.005629457
0.980522871 0.059532154 0.187165216 0.046986107 -0.063002065 0.997933328 0.012640394 0.054139424 -0.186025903 -0.024185989 0.982247114 -0.005629457
0.980522871 0.059532154 0.187165216 0.046986107 -0.063002065 0.997933328 0.012640394 0.054139424 -0.186025903 -0.024185989 0.982247114 -0.005629457
0.980522871 0.059532154 0.187165216 0.046986107 -0.063002065 0.997933328 0.012640394 0.054139424 -0.186025903 -0.024185989 0.982247114 -0.005629457
0.980522871 0.059532154 0.187165216 0.046986107 -0.063002065 0.997933328 0.012640394 0.054139424 -0.186025903 -0.024185989 0.982247114 -0.005629457
0.980522871 0.059532154 0.187165216 0.046986107 -0.063002065 0.997933328 0.012640394 0.054139424 -0.186025903 -0.024185989 0.982247114 -0.005629457
0.980522871 0.059532154 0.187165216 0.046986107 -0.063002065 0.997933328 0.012640394 0.054139424 -0.186025903 -0.024185989 0.982247114 -0.005629457
0.980522871 0.059532154 0.187165216 0.046986107 -0.063002065 0.997933328 0.012640394 0.054139424 -0.186025903 -0.024185989 0.982247114 -0.005629457
0.980522871 0.059532154 0.187165216 0.046986107 -0.063002065 0.997933328 0.012640394 0.054139424 -0.186025903 -0.024185989 0.982247114 -0.005629457
0.980522871 0.059532154 0.187165216 0.046986107 -0.063002065 0.997933328 0.012640394 0.054139424 -0.186025903 -0.024185989 0.982247114 -0.005629457
0.980522871 0.059532154 0.187165216 0.046986107 -0.063002065 0.997933328 0.012640394 0.054139424 -0.186025903 -0.024185989 0.982247114 -0.005629457
0.980522871 0.059532154 0.187165216 0.046986107 -0.063002065 0.997933328 0.012640394 0.054139424 -0.186025903 -0.024185989 0.982247114 -0.005629457
0.980522871 0.059532154 0.187165216 0.046986107 -0.063002065 0.997933328 0.012640394 0.054139424 -0.186025903 -0.024185989 0.982247114 -0.005629457
0.980522871 0.059532154 0.187165216 0.046986107 -0.063002065 0.997933328 0.012640394 0.054139424 -0.186025903 -0.024185989 0.982247114 -0.005629457
0.980522871 0.059532154 0.187165216 0.046986107 -0.063002065 0.997933328 0.012640394 0.054139424 -0.186025903 -0.024185989 0.982247114 -0.005629457
0.980522871 0.059532154 0.187165216 0.046986107 -0.063002065 0.997933328 0.012640394 0.054139424 -0.186025903 -0.024185989 0.982247114 -0.005629457
0.993608117 -0.068855554 0.089453191 0.029376915 0.063196346 0.995906293 0.064629070 0.041470032 -0.093537062 -0.058562852 0.993891954 -0.037466679
0.995988011 -0.080483355 -0.039118640 0.023330361 0.084811427 0.988430798 0.125744238 0.045864340 0.028545748 -0.128557473 0.991291165 -0.028853925
0.991652608 -0.071697965 -0.107165992 -0.140952930 0.087064385 0.985389233 0.146382466 0.128294408 0.095104896 -0.154490903 0.983406126 0.073297910
0.987936616 -0.048450902 -0.147084236 0.005240321 0.070292979 0.986614048 0.147144750 0.058374979 0.137986079 -0.155708671 0.978117943 -0.024172273
0.988816202 -0.031949796 -0.145676941 0.004069996 0.051481809 0.989865482 0.132348001 0.055830888 0.139972076 -0.138367549 0.980439842 -0.024391815
0.990450740 -0.031132944 -0.134305716 -0.000342627 0.047431346 0.991650343 0.119916104 0.057028603 0.129450962 -0.125141293 0.983657539 -0.023647999
0.990270078 -0.043559104 -0.132165536 -0.000764032 0.060051277 0.990527749 0.123485185 0.056336693 0.125534728 -0.130220398 0.983505785 -0.022557162
0.990625024 -0.048719231 -0.127626628 -0.000707859 0.065241329 0.989540815 0.128656700 0.055372823 0.120023705 -0.135777071 0.983442366 -0.023708802
0.991077900 -0.052361947 -0.122567646 0.000898986 0.069339491 0.987913609 0.138631701 0.056025572 0.113827214 -0.145893604 0.982730091 -0.022819981
0.991870463 -0.048837870 -0.117506601 0.002681741 0.065463729 0.987688601 0.142076597 0.056849569 0.109121211 -0.148613989 0.982856274 -0.023149956
0.993784070 -0.036351014 -0.105222918 0.004346064 0.051398549 0.988237083 0.144033611 0.058038801 0.098749422 -0.148546621 0.983962655 -0.022612737
0.994307935 -0.031927597 -0.101648375 0.005321348 0.046274856 0.988772750 0.142081127 0.058250766 0.095970839 -0.145976156 0.984622061 -0.023105130
0.996176004 -0.015617540 -0.085962005 0.006460997 0.027890848 0.989259183 0.143486649 0.059785578 0.082797796 -0.145335510 0.985911846 -0.022658007
0.996276617 -0.014622874 -0.084965259 0.006778629 0.026618188 0.989535451 0.141813606 0.060200121 0.082002409 -0.143547207 0.986240268 -0.022831321
0.995809019 -0.015868038 -0.090069830 0.005739367 0.028023191 0.990402937 0.135339394 0.060012922 0.087057851 -0.137296245 0.986696839 -0.023955932
0.994959474 -0.020459624 -0.098168418 0.004868108 0.033528421 0.990496933 0.133385316 0.060049091 0.094506502 -0.136004418 0.986190319 -0.024399679
0.994700789 -0.018428566 -0.101146840 0.004451401 0.031542182 0.991061211 0.129625380 0.060512479 0.097853906 -0.132128865 0.986390710 -0.023979213
0.994868279 -0.017408818 -0.099669471 0.004242635 0.030056892 0.991467297 0.126843005 0.060740504 0.096610837 -0.129187837 0.986902654 -0.024122832
0.995243609 -0.012573786 -0.096602477 0.003684646 0.024993487 0.991400480 0.128453761 0.061583478 0.094156593 -0.130257219 0.986999273 -0.023886068
0.995061338 -0.011194396 -0.098628610 0.002647297 0.023743451 0.991618752 0.126997828 0.061509319 0.096380316 -0.128712416 0.986987293 -0.024707766
0.995273054 -0.009279673 -0.096671879 0.002530136 0.021878459 0.991260171 0.130094394 0.062178250 0.094619751 -0.131594479 0.986777604 -0.024541909
0.995153785 -0.010024680 -0.097818613 0.002382595 0.022947248 0.990998328 0.131893113 0.062824115 0.095615894 -0.133498594 0.986425757 -0.024222605
0.995700300 -0.004402447 -0.092528395 0.002739155 0.017036825 0.990534246 0.136204675 0.064104460 0.091052905 -0.137195423 0.986350238 -0.023695387
0.997122049 0.001250256 -0.075803094 0.003742593 0.009376859 0.990152955 0.139675260 0.064986788 0.075231291 -0.139984071 0.987291574 -0.023344975
0.998618186 0.049791619 0.016807951 0.042382956 -0.051792145 0.986675441 0.154237136 0.095931441 -0.008904275 -0.154894531 0.987890899 0.059710708
0.994339824 0.032314882 0.101212978 0.107630521 -0.048125450 0.986281753 0.157899454 0.148486331 -0.094722010 -0.161876634 0.982254386 0.196411207
0.994339824 0.032314882 0.101212978 0.107630521 -0.048125450 0.986281753 0.157899454 0.148486331 -0.094722010 -0.161876634 0.982254386 0.196411207
0.994339824 0.032314882 0.101212978 0.107630521 -0.048125450 0.986281753 0.157899454 0.148486331 -0.094722010 -0.161876634 0.982254386 0.196411207
0.994339824 0.032314882 0.101212978 0.107630521 -0.048125450 0.986281753 0.157899454 0.148486331 -0.094722010 -0.161876634 0.982254386 0.196411207
0.994339824 0.032314882 0.101212978 0.107630521 -0.048125450 0.986281753 0.157899454 0.148486331 -0.094722010 -0.161876634 0.982254386 0.196411207
0.994339824 0.032314882 0.101212978 0.107630521 -0.048125450 0.986281753 0.157899454 0.148486331 -0.094722010 -0.161876634 0.982254386 0.196411207
0.994339824 0.032314882 0.101212978 0.107630521 -0.048125450 0.986281753 0.157899454 0.148486331 -0.094722010 -0.161876634 0.982254386 0.196411207
0.994339824 0.032314882 0.101212978 0.107630521 -0.048125450 0.986281753 0.157899454 0.148486331 -0.094722010 -0.161876634 0.982254386 0.196411207
0.994339824 0.032314882 0.101212978 0.107630521 -0.048125450 0.986281753 0.157899454 0.148486331 -0.094722010 -0.161876634 0.982254386 0.196411207
0.994339824 0.032314882 0.101212978 0.107630521 -0.048125450 0.986281753 0.157899454 0.148486331 -0.094722010 -0.161876634 0.982254386 0.196411207
0.994339824 0.032314882 0.101212978 0.107630521 -0.048125450 0.986281753 0.157899454 0.148486331 -0.094722010 -0.161876634 0.982254386 0.196411207
0.994339824 0.032314882 0.101212978 0.107630521 -0.048125450 0.986281753 0.157899454 0.148486331 -0.094722010 -0.161876634 0.982254386 0.196411207
0.994339824 0.032314882 0.101212978 0.107630521 -0.048125450 0.986281753 0.157899454 0.148486331 -0.094722010 -0.161876634 0.982254386 0.196411207
0.994339824 0.032314882 0.101212978 0.107630521 -0.048125450 0.986281753 0.157899454 0.148486331 -0.094722010 -0.161876634 0.982254386 0.196411207
0.994339824 0.032314882 0.101212978 0.107630521 -0.048125450 0.986281753 0.157899454 0.148486331 -0.094722010 -0.161876634 0.982254386 0.196411207
0.994339824 0.032314882 0.101212978 0.107630521 -0.048125450 0.986281753 0.157899454 0.148486331 -0.094722010 -0.161876634 0.982254386 0.196411207
0.994339824 0.032314882 0.101212978 0.107630521 -0.048125450 0.986281753 0.157899454 0.148486331 -0.094722010 -0.161876634 0.982254386 0.196411207
0.994339824 0.032314882 0.101212978 0.107630521 -0.048125450 0.986281753 0.157899454 0.148486331 -0.094722010 -0.161876634 0.982254386 0.196411207
0.994339824 0.032314882 0.101212978 0.107630521 -0.048125450 0.986281753 0.157899454 0.148486331 -0.094722010 -0.161876634 0.982254386 0.196411207
0.994339824 0.032314882 0.101212978 0.107630521 -0.048125450 0.986281753 0.157899454 0.148486331 -0.094722010 -0.161876634 0.982254386 0.196411207
0.994339824 0.032314882 0.101212978 0.107630521 -0.048125450 0.986281753 0.157899454 0.148486331 -0.094722010 -0.161876634 0.982254386 0.196411207
0.994339824 0.032314882 0.101212978 0.107630521 -0.048125450 0.986281753 0.157899454 0.148486331 -0.094722010 -0.161876634 0.982254386 0.196411207
0.994339824 0.032314882 0.101212978 0.107630521 -0.048125450 0.986281753 0.157899454 0.148486331 -0.094722010 -0.161876634 0.982254386 0.196411207
0.994339824 0.032314882 0.101212978 0.107630521 -0.048125450 0.986281753 0.157899454 0.148486331 -0.094722010 -0.161876634 0.982254386 0.196411207
0.994339824 0.032314882 0.101212978 0.107630521 -0.048125450 0.986281753 0.157899454 0.148486331 -0.094722010 -0.161876634 0.982254386 0.196411207
0.994339824 0.032314882 0.101212978 0.107630521 -0.048125450 0.986281753 0.157899454 0.148486331 -0.094722010 -0.161876634 0.982254386 0.196411207
0.971283019 -0.176766589 0.159257174 0.028351467 0.163341954 0.982093275 0.093873359 0.059615154 -0.172999069 -0.065164223 0.982763946 -0.014541387
0.985689759 -0.164660916 0.036090124 0.059632838 0.155627385 0.971180320 0.180523813 0.032117754 -0.064775236 -0.172323868 0.982908249 -0.056142285
0.988890231 -0.142612502 -0.041926451 0.043278679 0.148456126 0.961834073 0.229860738 0.051891711 0.007545276 -0.233531266 0.972320020 -0.029391756
0.992408693 -0.098151818 -0.074102841 0.020760847 0.113591298 0.962488174 0.246401206 0.064381726 0.047138382 -0.252948135 0.966330767 -0.025252538
0.993132055 -0.083838664 -0.081607454 0.030823255 0.101854078 0.962757885 0.250445545 0.060651243 0.057571206 -0.257037550 0.964685082 -0.022994149
0.993258834 -0.085512660 -0.078259327 0.027478158 0.101935759 0.965788603 0.238456368 0.060782176 0.055190932 -0.244826302 0.967994869 -0.021379186
0.992903590 -0.080851898 -0.087209068 0.024184680 0.098684795 0.969386399 0.224836171 0.061000384 0.066360854 -0.231846854 0.970486104 -0.020574823
0.993259430 -0.071515068 -0.091221377 0.021844372 0.089655735 0.972807884 0.213557169 0.061339870 0.073468320 -0.220296189 0.972662330 -0.020158248
0.995249510 -0.059096348 -0.077369832 0.021428028 0.074386500 0.974281788 0.212700918 0.063187383 0.062810175 -0.217445761 0.974049389 -0.018299013
0.995355248 -0.058524147 -0.076438628 0.021161992 0.073779471 0.973787308 0.215162322 0.064472713 0.061842777 -0.219802544 0.973582208 -0.017494030
0.995131433 -0.061237529 -0.077222817 0.021405039 0.076858826 0.972666323 0.219118536 0.065551601 0.061693758 -0.223986998 0.972637475 -0.017084057
0.994653940 -0.064196959 -0.080884442 0.021219779 0.080528460 0.972533584 0.218388692 0.065899402 0.064642943 -0.223734677 0.972504020 -0.017486103
0.994749188 -0.067206949 -0.077183060 0.021812603 0.082417555 0.973167956 0.214828849 0.066051878 0.060674094 -0.220062077 0.973597109 -0.017171074
0.995233238 -0.065958150 -0.071835138 0.022380767 0.079811752 0.974161267 0.211281493 0.066025391 0.056043271 -0.216007650 0.974781930 -0.017127791
0.995543599 -0.064078473 -0.069187030 0.022387069 0.077441461 0.974182010 0.212066680 0.066447169 0.053811852 -0.216479585 0.974802971 -0.017389722
0.995306194 -0.064608254 -0.072051257 0.021793334 0.078480959 0.974479377 0.210311055 0.066624276 0.056624629 -0.214978546 0.974975824 -0.017446518
0.994726896 -0.069051206 -0.075831302 0.021384798 0.083659381 0.974009931 0.210489258 0.066491559 0.059325904 -0.215723321 0.974650621 -0.017728671
0.994464457 -0.072253987 -0.076287486 0.021142583 0.087071002 0.973075092 0.213409320 0.066787414 0.058813781 -0.218870416 0.973979831 -0.017686611
0.994886518 -0.067169130 -0.075426318 0.020735471 0.081973828 0.973272622 0.214524373 0.067373849 0.059000950 -0.219610393 0.973801911 -0.017653905
0.994874299 -0.068292812 -0.074573942 0.020530112 0.083069831 0.972488225 0.217637554 0.067748815 0.057659198 -0.222716838 0.973176539 -0.017393220
0.994524539 -0.070447467 -0.077188633 0.020486921 0.085821897 0.972028613 0.218620569 0.068169817 0.059628297 -0.224048004 0.972752273 -0.017355258
0.994475722 -0.071085371 -0.077233173 0.020708390 0.086358935 0.972333908 0.217045829 0.068132035 0.059667651 -0.222516581 0.973101318 -0.017213946
0.995145738 -0.066478491 -0.072564095 0.021285160 0.080903776 0.972450256 0.218620837 0.068571031 0.056031391 -0.223430306 0.973108113 -0.016877966
0.994802833 -0.069153145 -0.074733876 0.021463186 0.083892487 0.972621560 0.216724277 0.068339996 0.057700615 -0.221867532 0.973368108 -0.016783839
0.994904399 -0.070649333 -0.071929552 0.021783911 0.084545068 0.973293960 0.213426813 0.068145581 0.054930136 -0.218420580 0.974307537 -0.016576393
0.995009124 -0.069027156 -0.072055891 0.021483336 0.082867086 0.973892987 0.211342126 0.068651341 0.055586383 -0.216258407 0.974752486 -0.016442824
0.995152295 -0.067077607 -0.071920171 0.020788824 0.081013471 0.973729372 0.212809563 0.069470398 0.055756029 -0.217604429 0.974443197 -0.016500540
0.994967103 -0.065755345 -0.075608857 0.019762490 0.080428056 0.974126339 0.211208776 0.070115775 0.059764478 -0.216226861 0.974512279 -0.016692661
0.995077193 -0.063681170 -0.075934537 0.018953698 0.078457423 0.974323988 0.211038366 0.070676595 0.060545668 -0.215957090 0.974523842 -0.016897319
0.995971501 -0.056724776 -0.069448650 0.018347818 0.070236616 0.974975884 0.210923910 0.071274877 0.055746146 -0.214952037 0.975032330 -0.017031251
0.997287929 -0.047809254 -0.055955634 0.018262263 0.058435507 0.976575851 0.207086667 0.072041176 0.044744264 -0.209794819 0.976721108 -0.016789764
0.997859180 -0.042717271 -0.049520068 0.017901959 0.051834848 0.978301942 0.200595304 0.072692096 0.039876696 -0.202732742 0.978421807 -0.016847471
0.997841299 -0.040953111 -0.051337622 0.016851211 0.050631832 0.977604985 0.204266757 0.074018866 0.041822556 -0.206425130 0.977568150 -0.016866827
0.997126579 -0.043764189 -0.061832868 0.015225399 0.055794496 0.976391435 0.208678618 0.074877404 0.051240433 -0.211528927 0.976027608 -0.017089382
0.996501207 -0.046352141 -0.069547087 0.013925320 0.060064238 0.975795925 0.210272804 0.075228795 0.058117170 -0.213714391 0.975165904 -0.017132342
0.996033192 -0.045875397 -0.076245129 0.012920598 0.060867511 0.976290822 0.207729131 0.074762806 0.064907759 -0.211545959 0.975210369 -0.017592486
0.995598972 -0.046749242 -0.081223220 0.012423599 0.062554337 0.976862371 0.204516158 0.074029058 0.069782928 -0.208696932 0.975487530 -0.018141856
0.995376468 -0.046988744 -0.083771698 0.012752570 0.063431911 0.976501226 0.205965310 0.073334813 0.072125115 -0.210326821 0.974966943 -0.018581344
0.998445988 -0.028905455 -0.047645859 0.015866967 0.038401350 0.976440609 0.212341905 0.073195010 0.040385511 -0.213841572 0.976033211 -0.017821899
0.999931455 -0.003524817 -0.011164526 0.019540124 0.005824984 0.976978779 0.213256985 0.078972094 0.010155813 -0.213307396 0.976932347 -0.017624548
0.999931455 -0.003524817 -0.011164526 0.019540124 0.005824984 0.976978779 0.213256985 0.078972094 0.010155813 -0.213307396 0.976932347 -0.017624548
0.999931455 -0.003524817 -0.011164526 0.019540124 0.005824984 0.976978779 0.213256985 0.078972094 0.010155813 -0.213307396 0.976932347 -0.017624548
0.999931455 -0.003524817 -0.011164526 0.019540124 0.005824984 0.976978779 0.213256985 0.078972094 0.010155813 -0.213307396 0.976932347 -0.017624548
0.999931455 -0.003524817 -0.011164526 0.019540124 0.005824984 0.976978779 0.213256985 0.078972094 0.010155813 -0.213307396 0.976932347 -0.017624548
0.999931455 -0.003524817 -0.011164526 0.019540124 0.005824984 0.976978779 0.213256985 0.078972094 0.010155813 -0.213307396 0.976932347 -0.017624548
0.999931455 -0.003524817 -0.011164526 0.019540124 0.005824984 0.976978779 0.213256985 0.078972094 0.010155813 -0.213307396 0.976932347 -0.017624548
0.999931455 -0.003524817 -0.011164526 0.019540124 0.005824984 0.976978779 0.213256985 0.078972094 0.010155813 -0.213307396 0.976932347 -0.017624548
0.999931455 -0.003524817 -0.011164526 0.019540124 0.005824984 0.976978779 0.213256985 0.078972094 0.010155813 -0.213307396 0.976932347 -0.017624548
0.999931455 -0.003524817 -0.011164526 0.019540124 0.005824984 0.976978779 0.213256985 0.078972094 0.010155813 -0.213307396 0.976932347 -0.017624548
0.999931455 -0.003524817 -0.011164526 0.019540124 0.005824984 0.976978779 0.213256985 0.078972094 0.010155813 -0.213307396 0.976932347 -0.017624548
