1.000000000 0.000000000 0.000000000 0.000000000 0.000000000 1.000000000 0.000000000 0.000000000 0.000000000 0.000000000 1.000000000 0.000000000
0.999969542 -0.005100377 0.005910764 0.001699469 0.005075725 0.999978364 0.004178255 0.001781659 -0.005931947 -0.004148126 0.999973774 -0.000962896
0.999732196 -0.003324197 0.022900973 0.006273202 0.002972011 0.999877036 0.015395557 0.004914127 -0.022949334 -0.015323372 0.999619186 -0.001206371
0.999506772 -0.007013682 0.030610893 0.011011036 0.006149239 0.999582171 0.028243067 0.010168205 -0.030796191 -0.028040903 0.999132276 -0.002305049
0.999337673 -0.022538146 0.028569998 0.009436431 0.021462416 0.999069273 0.037415795 0.013322102 -0.029386690 -0.036777832 0.998891294 -0.003085652
0.999780953 -0.013530003 0.015969539 0.005345003 0.012902386 0.999164820 0.038770314 0.013170538 -0.016480764 -0.038555775 0.999120533 -0.000743037
0.999850571 -0.006648154 0.015957562 0.005045583 0.005882835 0.998852193 0.047536541 0.013671687 -0.016255276 -0.047435563 0.998742044 0.000784628
0.999684811 -0.012046224 0.022027148 0.006843531 0.011013455 0.998861253 0.046421058 0.013380382 -0.022561263 -0.046163831 0.998679101 0.000909136
0.999235809 -0.023407405 0.031302940 0.009127105 0.022282531 0.999110043 0.035813559 0.010810351 -0.032113384 -0.035088681 0.998868108 0.000448176
0.999002457 -0.026640113 0.035839289 0.009172243 0.025507648 0.999172091 0.031693056 0.010069056 -0.036653925 -0.030747265 0.998854876 0.000441054
0.999066412 -0.017685672 0.039415117 0.009920535 0.016243691 0.999197662 0.036609203 0.010288187 -0.040030949 -0.035934776 0.998552084 0.000941064
0.999082446 -0.010123908 0.041614935 0.008485951 0.009103129 0.999654770 0.024645897 0.007216732 -0.041850083 -0.024244456 0.998829722 0.001596229
0.999290347 -0.006917919 0.037026204 0.006405863 0.006667370 0.999954045 0.006885987 0.003186293 -0.037072141 -0.006634233 0.999290586 0.002623574
0.999394476 -0.007045872 0.034074817 0.005264571 0.006990926 0.999974072 0.001731370 0.001223358 -0.034086134 -0.001492107 0.999417782 0.003513504
0.999435246 -0.012445473 0.031214202 0.004199985 0.012382389 0.999920905 0.002213504 0.000258077 -0.031239280 -0.001825747 0.999510288 0.005196732
0.999392629 -0.019515837 0.028870512 0.003856664 0.019325722 0.999789774 0.006849512 0.000178001 -0.028998118 -0.006287408 0.999559700 0.007425299
0.999401569 -0.015492518 0.030928027 0.004063877 0.015176467 0.999830484 0.010427666 0.001030822 -0.031084334 -0.009952048 0.999467194 0.009184023
0.999329031 -0.012257135 0.034514304 0.003578933 0.012074252 0.999911964 0.005502238 -0.000543340 -0.034578707 -0.005081812 0.999389052 0.010620126
0.998588920 -0.044208486 0.029424764 0.002631958 0.044304159 0.999014676 -0.002607140 -0.001329252 -0.029280514 0.003907101 0.999563575 0.012159456
0.997570872 -0.057989191 0.038595863 0.001372408 0.058404207 0.998245776 -0.009712676 -0.003119904 -0.037964925 0.011943243 0.999207675 0.013612687
0.997732460 -0.040705346 0.053600382 0.001829520 0.041228831 0.999111891 -0.008696749 -0.004696695 -0.053198773 0.010886909 0.998524606 0.013914671
0.998226166 -0.019636182 0.056204729 -0.000820215 0.020106480 0.999767303 -0.007814297 -0.006863027 -0.056038208 0.008930515 0.998388708 0.014643469
0.998632252 0.002066060 0.052243084 -0.003413497 -0.001541429 0.999948025 -0.010080421 -0.008091090 -0.052261192 0.009986105 0.998583496 0.016372856
0.999073982 0.007893982 0.042294681 -0.006468008 -0.008061761 0.999960303 0.003797791 -0.008031565 -0.042263020 -0.004135244 0.999097943 0.016865233
0.998587906 0.015114292 0.050929271 -0.006004671 -0.016001815 0.999726355 0.017064124 -0.003188223 -0.050657421 -0.017854989 0.998556495 0.016805816
0.998607695 0.002446064 0.052694242 -0.005005348 -0.003647320 0.999735355 0.022712640 -0.000805944 -0.052624743 -0.022873210 0.998352349 0.014929853
0.998607516 0.001012162 0.052744161 -0.004607765 -0.002306696 0.999697447 0.024488537 0.000777415 -0.052703418 -0.024576103 0.998307765 0.013319267
0.998593450 0.005272420 0.052757513 -0.003260965 -0.006855805 0.999530077 0.029876692 0.002194593 -0.052575201 -0.030196363 0.998160303 0.012099829
0.998650372 0.005002551 0.051695239 -0.003379533 -0.006221945 0.999705553 0.023454202 0.001948070 -0.051562686 -0.023744192 0.998387456 0.010841263
0.998579681 0.000912032 0.053271450 -0.003562143 -0.001480839 0.999942303 0.010639022 0.000894296 -0.053258672 -0.010702797 0.998523414 0.010141212
0.998237431 0.000398345 0.059345327 -0.000828681 -0.001001593 0.999948144 0.010135642 0.002064100 -0.059338212 -0.010177217 0.998186052 0.009278036
0.997812092 0.006596974 0.065783404 0.001781697 -0.007505724 0.999879658 0.013576723 0.003181506 -0.065685920 -0.014040770 0.997741580 0.009147830
0.998087525 0.007858278 0.061314747 0.001291508 -0.008404163 0.999927282 0.008650182 0.001801057 -0.061242312 -0.009148938 0.998080969 0.009489140
0.998428583 0.012657588 0.054590736 -0.001317784 -0.012558100 0.999918818 -0.002165102 -0.000794907 -0.054613709 0.001476144 0.998506486 0.010742159
0.998277605 0.011013600 0.057624478 -0.000428232 -0.010410793 0.999888003 -0.010750733 -0.003474217 -0.057736430 0.010132300 0.998280466 0.011048896
0.998781860 -0.002526948 0.049278639 -0.001121941 0.002425480 0.999994814 0.002118762 -0.002402782 -0.049283739 -0.001996656 0.998782814 0.013093815
0.998861849 -0.015530695 0.045097996 -0.001600975 0.014745972 0.999734938 0.017681262 0.001442153 -0.045360643 -0.016996125 0.998826087 0.015483386
0.998613954 0.000872747 0.052625746 -0.001509812 -0.002249348 0.999656677 0.026104761 0.001457013 -0.052584894 -0.026186951 0.998273075 0.016894283
0.998244584 0.016355034 0.056922875 -0.002461876 -0.017610304 0.999611139 0.021620791 -0.001555639 -0.056547131 -0.022585267 0.998144448 0.017940653
0.997988641 0.023016751 0.059066601 -0.001245536 -0.024302490 0.999481082 0.021142265 -0.002292011 -0.058549322 -0.022535207 0.998030126 0.018102325
0.998031378 0.014807248 0.060943350 0.000141664 -0.015993970 0.999690950 0.019030988 -0.001953379 -0.060642719 -0.019968251 0.997959793 0.017486846
0.998769820 -0.014725353 0.047350276 0.003173531 0.014745619 0.999891281 -0.000078711 -0.002119613 -0.047343969 0.000776824 0.998878360 0.015133348
0.999083936 -0.028965440 0.031501513 0.004635526 0.029782759 0.999223530 -0.025793239 -0.004546118 -0.030729940 0.026707813 0.999170840 0.011489280
0.999182582 -0.014251170 0.037829634 0.006828823 0.015236481 0.999548733 -0.025886768 -0.004252603 -0.037443645 0.026441999 0.998948872 0.007891287
0.999057889 -0.013472065 0.041253570 0.006741001 0.014330030 0.999685645 -0.020572742 -0.013467251 -0.040963445 0.021144524 0.998936892 0.003869429
0.998883307 -0.026773039 0.038927022 0.012092744 0.028175646 0.998956621 -0.035941012 -0.004037252 -0.037924159 0.036997672 0.998595476 0.001330037
0.998824000 -0.023905633 0.042179231 0.015325862 0.025387306 0.999066591 -0.034949243 -0.002733738 -0.041304376 0.035978962 0.998498619 -0.000902010
0.998663008 -0.026995314 0.044085212 0.016727807 0.028423760 0.999080300 -0.032103054 -0.001164846 -0.043178037 0.033313200 0.998511851 -0.002429506
0.998727024 -0.022752801 0.045018125 0.017284127 0.024324460 0.999102473 -0.034677524 -0.001293779 -0.044188708 0.035728425 0.998384118 -0.003202473
0.998729289 -0.017556660 0.047239047 0.018557439 0.019480631 0.998986304 -0.040581159 -0.002510157 -0.046478689 0.041449841 0.998058915 -0.004077795
0.999059141 -0.007877892 0.042646661 0.016883522 0.009819707 0.998915315 -0.045516372 -0.005540821 -0.042241830 0.045892324 0.998052895 -0.003962355
0.999204993 0.005468631 0.039489951 0.015429759 -0.003216200 0.998375952 -0.056877933 -0.010039668 -0.039736863 0.056705710 0.997599840 -0.003145099
0.998881042 0.015851561 0.044557717 0.015832540 -0.013004621 0.997898877 -0.063472405 -0.012507103 -0.045470230 0.062821925 0.996988416 -0.003265065
0.997880638 0.035234608 0.054706551 0.015352988 -0.032117259 0.997865856 -0.056852859 -0.013980051 -0.056592986 0.054975342 0.996882617 -0.002599966
0.998527646 0.024282254 0.048507337 0.015008346 -0.022140436 0.998776674 -0.044214215 -0.008735655 -0.049521621 0.043075141 0.997843742 0.000383206
0.998902678 0.018192107 0.043156810 0.015634285 -0.016884899 0.999393284 -0.030463301 -0.005486278 -0.043684814 0.029701175 0.998603761 0.002460969
0.998863697 0.019591639 0.043445691 0.019234650 -0.018250206 0.999350846 -0.031060694 -0.004775103 -0.044026017 0.030232506 0.998572826 0.004033428
0.998930693 0.014547856 0.043883916 0.026982952 -0.013434194 0.999582827 -0.025566496 -0.001725286 -0.044237547 0.024949614 0.998709440 0.005379466
0.999249697 0.022420542 0.031580172 0.037239537 -0.022328414 0.999745369 -0.003266974 0.005339069 -0.031645380 0.002559387 0.999495864 0.006558800
0.998481631 0.053076334 0.014740326 0.048878495 -0.053340476 0.998411536 0.018145258 0.011909431 -0.013753827 -0.018903963 0.999726713 0.009917737
0.997977436 0.063543096 -0.001808700 0.054735497 -0.063498817 0.997809708 0.018539408 0.013070303 0.002982790 -0.018387061 0.999826491 0.011761909
0.999100506 0.029467933 -0.030493807 0.062063877 -0.029202528 0.999531984 0.009112719 0.012704824 0.030748067 -0.008214027 0.999493420 0.017473130
0.998139143 -0.023121262 -0.056423392 0.062442731 0.023851296 0.999639869 0.012299498 0.012518548 0.056118689 -0.013622382 0.998331189 0.037664089
0.997871757 -0.022981538 -0.061023142 0.060520235 0.023602910 0.999676466 0.009481265 0.010360697 0.060785502 -0.010901410 0.998091340 0.062457472
0.999265850 -0.002868808 -0.038203117 0.042857762 0.002099837 0.999794722 -0.020153411 0.003458872 0.038253091 0.020058395 0.999066770 0.120895654
0.999968112 -0.003698198 -0.007075889 0.039122455 0.003308662 0.998519599 -0.054292336 -0.028254021 0.007266198 0.054267194 0.998499990 0.201272383
0.999643862 0.021311868 0.016061656 0.023799149 -0.020049594 0.996979952 -0.075026594 -0.068424806 -0.017612105 0.074677847 0.997052193 0.276650369
0.998672903 0.020354936 0.047308750 0.013082132 -0.017131029 0.997566819 -0.067579761 -0.089233801 -0.048569221 0.066679627 0.996591628 0.339767545
0.999034643 0.005270563 0.043611806 0.008000769 -0.003532752 0.999200284 -0.039828796 -0.095946193 -0.043786850 0.039636277 0.998254299 0.400325060
0.997915447 -0.003537436 0.064438336 -0.092848688 0.006460351 0.998956680 -0.045208171 0.027486680 -0.064211182 0.045530226 0.996897161 0.396838635
0.998829484 -0.011912181 0.046879832 -0.073533073 0.015779534 0.996423781 -0.083009772 0.002297903 -0.045723353 0.083652355 0.995445430 0.486570597
0.999646366 -0.015994970 -0.021243036 0.034778893 0.014352363 0.997054219 -0.075345360 -0.174665555 0.022385607 0.075013831 0.996931195 0.694788098
0.998670816 0.004076672 -0.051380474 0.047859214 -0.008492631 0.996256888 -0.086023539 -0.199258387 0.050837461 0.086345553 0.994967341 0.747666478
0.992902458 0.043994889 -0.110494815 0.056584507 -0.047217142 0.998527348 -0.026715467 -0.209995851 0.109156750 0.031743102 0.993517578 0.833577275
0.992467463 0.017570687 -0.121241808 0.062127523 -0.020978581 0.999418259 -0.026889188 -0.221261203 0.120698810 0.029230125 0.992258728 0.928565681
0.994531989 0.005774291 -0.104272626 0.035759237 -0.007675690 0.999811351 -0.017842820 -0.374943972 0.104149930 0.018545618 0.994388700 1.039774895
0.995793819 0.008586963 -0.091219053 0.025076071 -0.010444175 0.999747396 -0.019902105 -0.445260316 0.091025107 0.020771101 0.995631933 1.130845308
0.999018192 0.024176707 -0.037122529 -0.026660735 -0.025170403 0.999330878 -0.026538067 -0.394690782 0.036456086 0.027446400 0.998958290 1.195519567
0.999068022 -0.017436720 -0.039485179 0.021065192 0.016280090 0.999434352 -0.029427240 -0.433234721 0.039975960 0.028756991 0.998786747 1.309849262
0.996765614 -0.007606713 -0.080003180 0.081656501 -0.001226622 0.993954301 -0.109787896 -0.264553130 0.080354631 0.109530926 0.990730107 1.347140908
0.995970190 -0.038726695 -0.080892473 0.063947402 0.031088842 0.995121300 -0.093632929 -0.398426056 0.084123917 0.090740755 0.992315114 1.556355238
0.906536102 -0.375716090 0.192431241 0.017733207 0.266370416 0.862786829 0.429704219 -0.180567801 -0.327473909 -0.338284373 0.882227004 1.237655997
0.995144784 0.000265821 -0.098421261 0.052048218 -0.006373851 0.998071253 -0.061750848 -0.444268763 0.098215014 0.062078357 0.993227124 1.737149596
0.998630464 0.007311557 -0.051804639 -0.036248922 -0.010165880 0.998431802 -0.055050407 -0.480650127 0.051320896 0.055501655 0.997138798 1.833745718
0.999809444 -0.010601051 0.016391056 -0.025220813 0.011726472 0.997466624 -0.070162818 -0.527173102 -0.015605731 0.070341654 0.997400880 1.900658727
0.996287644 -0.047356986 0.071890317 -0.061607223 0.051551674 0.997004390 -0.057659715 -0.508135378 -0.068944372 0.061151728 0.995744526 1.942534685
0.993021786 -0.062048640 0.100287847 -0.077112190 0.066291533 0.997016549 -0.039540358 -0.519519925 -0.097535215 0.045912672 0.994172454 1.987804890
0.990987718 -0.064913660 0.117173240 -0.094957344 0.070975810 0.996306837 -0.048323590 -0.493116379 -0.113603637 0.056204546 0.991935134 1.999860525
0.993739367 -0.046650495 0.101517774 -0.020394241 0.050617442 0.998037815 -0.036856458 -0.483339757 -0.099599212 0.041764282 0.994150758 2.036641121
0.992389560 -0.046098966 0.114183456 -0.064458229 0.048269589 0.998701036 -0.016317148 -0.485176474 -0.113282934 0.021704556 0.993325651 2.008254528
0.994179785 -0.045691468 0.097564772 -0.053889442 0.047055405 0.998823464 -0.011723722 -0.492180914 -0.096914306 0.016246438 0.995160103 2.021235943
0.995106220 -0.045154385 0.087890387 -0.058531992 0.046810869 0.998761177 -0.016877152 -0.493180394 -0.087019436 0.020908784 0.995987177 2.032145500
0.996421099 -0.019804878 0.082174882 -0.059534501 0.021562804 0.999556065 -0.020560395 -0.511283576 -0.081731208 0.022258732 0.996405840 2.035776854
0.994064033 0.045830220 0.098672621 -0.048940755 -0.043770507 0.998778224 -0.022939866 -0.521146178 -0.099603400 0.018484747 0.994855523 2.032770634
0.992113233 0.050183665 0.114860691 -0.047853038 -0.047470544 0.998528004 -0.026237356 -0.499704808 -0.116008297 0.020577928 0.993035078 2.054237127
0.991135597 0.030526673 0.129299641 -0.040639773 -0.027964601 0.999375820 -0.021584827 -0.498045176 -0.129877850 0.017777678 0.991370618 2.049265146
0.989936352 -0.001772671 0.141502127 -0.041568603 0.004569161 0.999800563 -0.019440427 -0.497225106 -0.141439453 0.019891331 0.989747047 2.050711155
0.990751565 -0.011407373 0.135208100 -0.022359684 0.013413783 0.999812901 -0.013937687 -0.508058488 -0.135023817 0.015622437 0.990719199 2.028912067
0.991635323 -0.007443435 0.128856570 -0.027816780 0.009159305 0.999877036 -0.012728656 -0.504544258 -0.128745973 0.013802421 0.991581559 2.033049345
0.993174791 -0.003956727 0.116568148 -0.031827390 0.005809902 0.999862015 -0.015562297 -0.501124561 -0.116490483 0.016133331 0.993060768 2.033608437
0.994642556 -0.008432742 0.103029728 -0.043924026 0.009473571 0.999908864 -0.009617054 -0.511307538 -0.102939241 0.010541591 0.994631767 2.046903372
0.995035291 -0.010525384 0.098964870 -0.057606522 0.013169218 0.999572575 -0.026099673 -0.480001569 -0.098647863 0.027273385 0.994748592 2.067378998
0.995328009 0.002202583 0.096526250 -0.025009250 0.000653935 0.999563038 -0.029551549 -0.506902158 -0.096549161 0.029476607 0.994891644 2.067824602
0.994192421 -0.000111132 0.107617192 -0.030852970 0.003326432 0.999553382 -0.029698152 -0.508604825 -0.107565828 0.029883659 0.993748724 2.073514700
0.991684437 -0.015446155 0.127763152 -0.038667407 0.018971941 0.999470770 -0.026425440 -0.510421276 -0.127287373 0.028629612 0.991452634 2.084200621
0.991271615 -0.007411587 0.131626785 -0.011704973 0.013622425 0.998832464 -0.046347637 -0.510277152 -0.131129593 0.047736172 0.990215302 2.091567278
0.991593122 -0.007002826 0.129205391 -0.041158166 0.012205699 0.999144197 -0.039520446 -0.509600043 -0.128818065 0.040765245 0.990830004 2.127147913
0.990033150 0.006365591 0.140690759 -0.073523529 -0.004597428 0.999906361 -0.012889188 -0.513361275 -0.140759632 0.012113907 0.989969671 2.127662420
0.987486482 0.009002008 0.157446653 -0.065943599 -0.007783881 0.999934852 -0.008351682 -0.515792608 -0.157511577 0.007021627 0.987492204 2.153650522
0.985938787 0.013398319 0.166568771 -0.073090024 -0.012213377 0.999892294 -0.008136186 -0.512795746 -0.166659847 0.005987415 0.985996246 2.167819023
0.985500932 0.003061539 0.169642523 -0.076650515 -0.000101158 0.999847591 -0.017456600 -0.517175019 -0.169670120 0.017186336 0.985351026 2.162858009
0.985500932 0.003061539 0.169642523 -0.076650515 -0.000101158 0.999847591 -0.017456600 -0.517175019 -0.169670120 0.017186336 0.985351026 2.162858009
0.997460425 0.059624180 -0.038957193 -0.034508899 -0.061671335 0.996653557 -0.053650323 -0.569495857 0.035627969 0.055916615 0.997799575 2.316197872
0.996050477 0.049994215 -0.073376216 -0.030820316 -0.052940398 0.997844756 -0.038770664 -0.565435350 0.071279764 0.042502105 0.996550441 2.344317913
0.995940506 0.043937787 -0.078562088 -0.051743079 -0.047684304 0.997781098 -0.046465632 -0.567866564 0.076346174 0.050023183 0.995825768 2.366857052
0.997105598 0.042832199 -0.062815584 -0.059186805 -0.045339413 0.998208225 -0.039046522 -0.587278783 0.061030589 0.041781530 0.997261047 2.382682085
0.998094499 0.031204149 -0.053232074 -0.064506292 -0.033311468 0.998677135 -0.039170407 -0.593263924 0.051939376 0.040869005 0.997813642 2.391957045
0.999019623 0.029142842 -0.033324681 -0.073114701 -0.030687954 0.998431146 -0.046834573 -0.597835243 0.031907506 0.047811322 0.998346627 2.401322365
0.999325037 0.018354092 -0.031820968 -0.083357252 -0.019424755 0.999244213 -0.033670373 -0.596270680 0.031178927 0.034265764 0.998926282 2.404671669
0.998743176 0.027923264 -0.041621592 -0.090862669 -0.028952405 0.999284625 -0.024331842 -0.593795240 0.040912393 0.025506306 0.998837113 2.406581402
0.997665524 0.047228340 -0.049325209 -0.093368202 -0.047835119 0.998792529 -0.011193787 -0.593928456 0.048736986 0.013527133 0.998720050 2.408756018
0.998371422 0.030107832 -0.048455834 -0.089425780 -0.030954683 0.999379218 -0.016822120 -0.589670539 0.047919277 0.018294660 0.998683631 2.402255297
0.998473108 0.010587288 -0.054215770 -0.084792100 -0.011934602 0.999626458 -0.024587784 -0.592989564 0.053935200 0.025197286 0.998226464 2.398518085
0.997608840 0.010770199 -0.068268359 -0.088983901 -0.012979583 0.999403477 -0.032002710 -0.595100284 0.067882963 0.032812282 0.997153580 2.392624855
0.995789409 0.040550694 -0.082214057 -0.092307664 -0.043552943 0.998435795 -0.035058413 -0.589099288 0.080663815 0.038491458 0.995997846 2.391371012
0.993999183 0.051245805 -0.096641317 -0.094883084 -0.054475822 0.998031139 -0.031084104 -0.590498984 0.094858117 0.036162186 0.994833767 2.385087967
0.993020892 0.057490729 -0.102977447 -0.094945937 -0.060131531 0.997931778 -0.022723818 -0.585617959 0.101458058 0.028757418 0.994424105 2.385910749
0.993504763 0.061998192 -0.095417477 -0.090842724 -0.064434119 0.997664630 -0.022660384 -0.587165892 0.093789741 0.028661340 0.995179415 2.385193110
0.993838549 0.049508553 -0.099165939 -0.091854364 -0.052855957 0.998107851 -0.031416133 -0.589735389 0.097422935 0.036464073 0.994574845 2.384354591
0.993596911 0.054447297 -0.098998584 -0.098455794 -0.056973021 0.998113871 -0.022865141 -0.586451471 0.097566910 0.028358981 0.994824827 2.381336451
0.993379831 0.056560557 -0.099987224 -0.095702313 -0.058298767 0.998193204 -0.014546404 -0.585329413 0.098983817 0.020279236 0.994882405 2.381759882
0.994138360 0.046623562 -0.097545713 -0.092946507 -0.048250049 0.998731732 -0.014380884 -0.586735725 0.096751511 0.019003173 0.995127141 2.381602526
0.995389640 0.005321058 -0.095766418 -0.088302277 -0.007559404 0.999706328 -0.023025369 -0.587323666 0.095615767 0.023643151 0.995137513 2.381581545
0.994690239 -0.009001938 -0.102519669 -0.090015888 0.005262230 0.999312818 -0.036690168 -0.589127958 0.102779500 0.035955869 0.994054079 2.381203890
0.994388878 0.010355229 -0.105278537 -0.094797611 -0.014263280 0.999234200 -0.036436185 -0.589633405 0.104820609 0.037733354 0.993775070 2.380831003
0.993391335 -0.004448379 -0.114690401 -0.099948734 0.000129806 0.999291599 -0.037634194 -0.593282700 0.114776567 0.037370592 0.992688179 2.382452250
0.991052687 0.014311468 -0.132701635 -0.111869924 -0.019719064 0.999023974 -0.039525758 -0.592993200 0.132006437 0.041788861 0.990367591 2.383360147
0.987175584 0.068978779 -0.143966109 -0.118291952 -0.072680011 0.997142494 -0.020603919 -0.591969013 0.142133489 0.030803144 0.989368081 2.387096643
0.990146756 0.064725935 -0.124177173 -0.114074528 -0.067729510 0.997500896 -0.020116223 -0.590405881 0.122564800 0.028328473 0.992056131 2.387780666
0.992600381 0.037780806 -0.115399756 -0.110190801 -0.039892219 0.999075234 -0.016041329 -0.591379106 0.114686981 0.020526182 0.993189573 2.388148546
0.993304968 0.047866188 -0.105138563 -0.111006968 -0.049597304 0.998672426 -0.013911217 -0.590798616 0.104333103 0.019032668 0.994360268 2.389651299
0.994802594 0.037434585 -0.094691150 -0.110007092 -0.038707763 0.999182701 -0.011644084 -0.589853406 0.094177872 0.015248848 0.995438576 2.388712883
0.994131207 0.033199329 -0.102960840 -0.112997085 -0.034884166 0.999284625 -0.014606132 -0.590745807 0.102402270 0.018112116 0.994578183 2.386970758
0.993163466 0.049820215 -0.105566464 -0.115323171 -0.051262382 0.998624742 -0.010990492 -0.589715242 0.104873739 0.016326943 0.994351506 2.387722492
0.993215680 0.045340639 -0.107083276 -0.114887908 -0.047683150 0.998673797 -0.019416165 -0.591933131 0.106060915 0.024390507 0.994060457 2.390358448
0.993471205 0.043997962 -0.105257325 -0.115912504 -0.046799827 0.998608708 -0.024297895 -0.594493985 0.104041830 0.029065285 0.994148135 2.390438080
0.992786288 0.052540962 -0.107772402 -0.116016336 -0.055167709 0.998244822 -0.021536130 -0.593900084 0.106451713 0.027326331 0.993942320 2.393467188
0.993268788 0.045008101 -0.106730275 -0.116121531 -0.047441967 0.998666167 -0.020374311 -0.594140410 0.105670907 0.025300661 0.994079232 2.395208597
0.993193924 0.054738771 -0.102807879 -0.115010753 -0.056393765 0.998320580 -0.013258740 -0.592623413 0.101909451 0.018966224 0.994612873 2.396545410
0.993495464 0.051321451 -0.101651020 -0.114161134 -0.052572239 0.998570383 -0.009662461 -0.592060924 0.101009808 0.014943631 0.994773209 2.399805784
0.995270789 0.049746811 -0.083434425 -0.109165840 -0.051618505 0.998457968 -0.020426713 -0.595014930 0.082289606 0.024636870 0.996303916 2.402047157
0.997081101 0.038250681 -0.066077277 -0.103943586 -0.040454973 0.998657584 -0.032349333 -0.598810732 0.064751185 0.034928061 0.997290015 2.401520252
0.998512030 0.024628544 -0.048653614 -0.097662620 -0.026427781 0.998977184 -0.036690045 -0.600372195 0.047700226 0.037921257 0.998141587 2.402592421
0.999186873 0.019877935 -0.035078172 -0.091614284 -0.021120217 0.999149799 -0.035406865 -0.599598289 0.034344532 0.036118932 0.998757184 2.401807308
0.999399126 0.018177409 -0.029511815 -0.090298496 -0.019182220 0.999233305 -0.034129389 -0.596669078 0.028868806 0.034674983 0.998981595 2.402466536
0.999271512 0.021227907 -0.031714719 -0.088631921 -0.022176117 0.999308288 -0.029851690 -0.596931577 0.031059094 0.030533252 0.999051094 2.404169083
0.999114394 0.031246562 -0.028178647 -0.089755446 -0.032038916 0.999090970 -0.028120058 -0.596881151 0.027274378 0.028997969 0.999207318 2.404013634
0.999363005 0.024828032 -0.025634719 -0.087138563 -0.025464505 0.999367833 -0.024808075 -0.595126629 0.025002578 0.025445050 0.999363482 2.404291391
0.999735773 0.014464733 -0.017864488 -0.083367340 -0.014989550 0.999449372 -0.029601801 -0.596498609 0.017426470 0.029861761 0.999402106 2.403346777
0.999470234 0.020777225 -0.025050472 -0.085788772 -0.021548821 0.999289036 -0.030935636 -0.597003400 0.024389908 0.031459056 0.999207437 2.404014826
0.998822033 0.033228226 -0.035362143 -0.090578489 -0.034130719 0.999098837 -0.025231211 -0.596221507 0.034491885 0.026408425 0.999055982 2.405392885
0.998614371 0.034968652 -0.039326165 -0.091626018 -0.035578117 0.999255717 -0.014905850 -0.597024500 0.038775656 0.016284347 0.999115229 2.405846119
0.998828471 0.029313738 -0.038501851 -0.092344135 -0.029961752 0.999417126 -0.016362838 -0.597796619 0.037999753 0.017497251 0.999124527 2.406734705
0.998640716 0.030518310 -0.042253193 -0.094072804 -0.031510543 0.999238312 -0.023019459 -0.599446416 0.041518494 0.024319591 0.998841703 2.406169653
0.998323619 0.032952830 -0.047582336 -0.097852185 -0.034295540 0.999028265 -0.027683349 -0.600551486 0.046623852 0.029268803 0.998483598 2.406321049
0.997486830 0.032177728 -0.063123778 -0.105186522 -0.034157895 0.998949587 -0.030545078 -0.600254714 0.062074598 0.032624491 0.997538149 2.405688763
0.996904016 0.033388041 -0.071186915 -0.112628549 -0.035912354 0.998759925 -0.034480110 -0.600839913 0.069947414 0.036929853 0.996866882 2.405582666
0.996811569 0.031401314 -0.073353171 -0.115886040 -0.034083921 0.998784363 -0.035609998 -0.602649152 0.072145805 0.037996624 0.996670067 2.405423164
0.997406840 0.026683101 -0.066840306 -0.119278707 -0.029176448 0.998903692 -0.036608737 -0.601006866 0.065790191 0.038463969 0.997091830 2.404210091
0.997124374 0.025376087 -0.071407616 -0.131399319 -0.028194105 0.998851597 -0.038736556 -0.603145003 0.070342630 0.040638439 0.996694744 2.406073332
0.996528804 0.024177395 -0.079660699 -0.149210259 -0.027339950 0.998870909 -0.038851686 -0.604101241 0.078631423 0.040894743 0.996064603 2.410038710
0.996461987 0.018486222 -0.081986219 -0.165542662 -0.021504711 0.999117196 -0.036088061 -0.605062902 0.081246711 0.037723470 0.995979905 2.413899422
0.997278154 0.005595398 -0.073518544 -0.189512908 -0.008647625 0.999110878 -0.041263949 -0.603926122 0.073222287 0.041787397 0.996439815 2.421476841
0.998680472 0.027514361 -0.043362521 -0.208737805 -0.029028367 0.998976767 -0.034680992 -0.599272311 0.042363927 0.035893973 0.998457253 2.434627056
0.999238431 0.030041503 -0.024899965 -0.220725656 -0.030395156 0.999440610 -0.013948271 -0.598166883 0.024467010 0.014694487 0.999592662 2.461298466
0.999171019 0.039812330 -0.008498875 -0.224374861 -0.039766911 0.999194145 0.005447898 -0.599209011 0.008708919 -0.005105408 0.999949038 2.505789995
0.999529600 0.028710457 0.010783035 -0.219324440 -0.028728092 0.999586165 0.001484146 -0.607777953 -0.010735963 -0.001793224 0.999940753 2.577574968
0.999815524 0.006537077 0.018060677 -0.185206890 -0.006029433 0.999589145 -0.028020572 -0.559016109 -0.018236428 0.027906507 0.999444187 2.658971548
0.999740303 -0.011968646 0.019392854 -0.156710103 0.013414348 0.997000813 -0.076219484 -0.455236614 -0.018422447 0.076459832 0.996902466 2.712852001
0.999937475 0.004446653 0.010261058 -0.160574973 -0.003636068 0.996969759 -0.077705309 -0.461083651 -0.010575493 0.077663139 0.996923566 2.753216743
0.999914765 0.011348756 0.006451636 -0.197774455 -0.010946485 0.998180449 -0.059295673 -0.483345717 -0.007112829 0.059219997 0.998219609 2.842153788
0.998127103 0.011290639 0.060123399 -0.237993538 -0.007737034 0.998227239 -0.059013285 -0.512412786 -0.060683113 0.058437582 0.996445000 2.922324896
0.987942636 -0.031825777 0.151513740 -0.273032606 0.041066032 0.997456908 -0.058252443 -0.532270133 -0.149274498 0.063772142 0.986737192 3.006053448
0.967154562 -0.066041812 0.245459735 -0.296455622 0.084480911 0.994279444 -0.065355249 -0.547358990 -0.239739388 0.083945289 0.967201233 3.073776484
0.945389450 -0.084094740 0.314907759 -0.305404067 0.102168120 0.993909419 -0.041301329 -0.561469018 -0.309516579 0.071219370 0.948223233 3.132480145
0.924093068 -0.095704734 0.369989932 -0.298424661 0.108447991 0.994007111 -0.013743214 -0.569962382 -0.366457343 0.052824676 0.928934097 3.200244427
0.908404112 -0.127992809 0.398019850 -0.281829476 0.134890482 0.990802169 0.010754452 -0.581607103 -0.395735413 0.043919694 0.917313755 3.280745268
0.899492085 -0.191460058 0.392755657 -0.270864874 0.197191790 0.980016708 0.026127214 -0.604468524 -0.389909446 0.053946968 0.919271648 3.370648146
0.897071779 -0.184867531 0.401355535 -0.271164000 0.191345826 0.981222332 0.024280723 -0.626292527 -0.398307741 0.055016149 0.915600419 3.472637415
0.881406963 -0.180412367 0.436546803 -0.296496183 0.165552676 0.983553290 0.072216526 -0.660337806 -0.442395806 0.008619345 0.896778464 3.574677706
0.825100303 -0.191643044 0.531490803 -0.310452253 0.169783473 0.981338203 0.090271093 -0.677671134 -0.538872063 0.015755655 0.842240274 3.715198755
0.760595083 -0.223990321 0.609363139 -0.330562413 0.204579651 0.973470926 0.102477141 -0.695048094 -0.616151214 0.046719693 0.786241055 3.745398283
0.715138316 -0.253642976 0.651338995 -0.383121431 0.249752656 0.963047564 0.100811668 -0.704230309 -0.652840614 0.090579353 0.752060175 3.714046240
0.685930967 -0.257518083 0.680575609 -0.457082510 0.263043910 0.959788203 0.098053545 -0.749398530 -0.678458989 0.111763284 0.726087034 3.552812338
0.682874262 -0.279483765 0.674960494 -0.362279296 0.299521744 0.949810565 0.090258561 -0.743344307 -0.666310430 0.140530050 0.732312679 3.162944317
0.681937218 -0.254012585 0.685885847 -0.365189910 0.277006716 0.957596183 0.079226457 -0.752977729 -0.676926196 0.135967463 0.723383665 3.173870325
0.688157022 -0.246047050 0.682569325 -0.369251728 0.278319389 0.958297431 0.064841487 -0.753022671 -0.670058489 0.145351112 0.727938771 3.175185442
0.688351989 -0.267202675 0.674369633 -0.369378805 0.293236315 0.952834666 0.078221470 -0.749499738 -0.663463712 0.143905744 0.734239101 3.165829182
0.676020563 -0.281757236 0.680888474 -0.361026824 0.316220701 0.945530474 0.077308342 -0.748381019 -0.665583014 0.163048983 0.728295505 3.159895420
0.671408236 -0.269505918 0.690346003 -0.354903042 0.320801049 0.945424736 0.057085965 -0.752806783 -0.668055177 0.183135718 0.721223712 3.149098396
0.676648438 -0.247673824 0.693400800 -0.344545960 0.270798862 0.959434688 0.078441270 -0.742030978 -0.684700668 0.134694934 0.716269732 3.127858639
0.684923887 -0.277960569 0.673511088 -0.354947984 0.295734406 0.950860798 0.091678165 -0.749116659 -0.665898204 0.136387825 0.733469844 3.145747662
0.694268525 -0.292645872 0.657532990 -0.344785094 0.306286246 0.946878910 0.098025963 -0.731192589 -0.651291013 0.133336961 0.747021616 3.156161308
0.697599173 -0.289919734 0.655211449 -0.348459780 0.295519143 0.949493945 0.105497472 -0.731695712 -0.652705133 0.120032556 0.748042941 3.158646345
0.700945497 -0.296042949 0.648871422 -0.354105532 0.302425027 0.947315514 0.105510317 -0.731419683 -0.645921528 0.122277953 0.753547311 3.161965132
0.700011432 -0.295073986 0.650319457 -0.358049154 0.300934374 0.947725534 0.106088839 -0.731565237 -0.647628427 0.121440060 0.752216578 3.162161112
0.694983363 -0.297154546 0.654749870 -0.360812545 0.304346591 0.946583092 0.106553175 -0.732997298 -0.651437938 0.125218168 0.748297453 3.162213802
0.686085463 -0.300840884 0.662405908 -0.363730669 0.308769822 0.944835544 0.109302551 -0.732345164 -0.658747315 0.129540041 0.741128445 3.160135031
0.683349013 -0.299831092 0.665684223 -0.366775274 0.307215691 0.945218205 0.110368051 -0.731752336 -0.662308633 0.129088759 0.738026679 3.158562183
0.679004550 -0.297905087 0.670973480 -0.367992759 0.305466235 0.945737422 0.110774904 -0.730147481 -0.667565107 0.129743040 0.733160019 3.157578945
0.672538757 -0.298567146 0.677162647 -0.367501438 0.301616043 0.946147978 0.117608719 -0.728736162 -0.675810158 0.125146687 0.726373792 3.156124592
0.669447482 -0.304314137 0.677667320 -0.366765201 0.306927562 0.944044471 0.120729119 -0.728087246 -0.676487625 0.127172962 0.725390553 3.157984495
0.670566082 -0.304363042 0.676538527 -0.365929723 0.309262276 0.943628728 0.117990240 -0.728124917 -0.674313009 0.130107567 0.726893425 3.160610676
0.674363256 -0.295317620 0.676773012 -0.365824521 0.298836082 0.947278917 0.115583926 -0.730155408 -0.675226808 0.124298617 0.727061689 3.164820194
0.678007841 -0.283881038 0.678024352 -0.364362538 0.299004555 0.949164033 0.098406829 -0.734713912 -0.671492159 0.136011735 0.728422403 3.168461561
0.682058275 -0.277225316 0.676714599 -0.364216626 0.298072219 0.950393081 0.088915482 -0.735518754 -0.667794466 0.141064271 0.730856657 3.170070410
0.687514663 -0.267454952 0.675123334 -0.361822724 0.293088168 0.952816248 0.078997403 -0.736288190 -0.664396703 0.143558756 0.733463049 3.172555923
0.702403069 -0.252023339 0.665668249 -0.360893071 0.286823750 0.956143439 0.059345737 -0.741092384 -0.651430845 0.149244800 0.743884325 3.177062988
0.698390424 -0.269715935 0.662951171 -0.360008478 0.300474316 0.951184928 0.070444606 -0.735630512 -0.649589181 0.150001943 0.745341122 3.175428867
0.675504684 -0.292244315 0.676968753 -0.355942070 0.312590033 0.945019841 0.096046768 -0.724559247 -0.667818069 0.146733627 0.729717970 3.162254333
0.661049247 -0.287938118 0.692896485 -0.355355322 0.328388363 0.941326618 0.077880204 -0.727266669 -0.674666584 0.176056504 0.716818810 3.155689716
0.665380418 -0.274727553 0.694113553 -0.357454598 0.318297714 0.945469677 0.069091707 -0.730602145 -0.675244749 0.174962506 0.716542125 3.154498577
0.663687587 -0.275009513 0.695621014 -0.358156204 0.314669788 0.946320295 0.073897488 -0.729483962 -0.678602815 0.169846073 0.714598179 3.133567095
0.665859997 -0.279408097 0.691781461 -0.361053765 0.322777122 0.943843246 0.070532508 -0.728724241 -0.672640622 0.176326469 0.718654037 3.150665283
0.670890808 -0.280340761 0.686523557 -0.362720191 0.328101069 0.942457080 0.064220883 -0.730036080 -0.665022731 0.182163924 0.724265933 3.152356863
0.671954274 -0.283534318 0.684167981 -0.362331212 0.330323786 0.941572607 0.065781608 -0.729240894 -0.662845194 0.181794703 0.726351857 3.151223421
0.669796705 -0.280310690 0.687603295 -0.360215425 0.332238525 0.941279292 0.060090449 -0.728907228 -0.664070725 0.188199922 0.723595738 3.147884846
0.667224407 -0.276142418 0.691778183 -0.358845115 0.335139394 0.940717518 0.052269436 -0.730769515 -0.665201724 0.196966678 0.720215857 3.146651268
0.664029956 -0.285007417 0.691256046 -0.358301818 0.348602027 0.935882509 0.050995931 -0.728255808 -0.661468685 0.207110450 0.720808208 3.144176245
0.661599338 -0.292628676 0.690401852 -0.359045863 0.353222162 0.933783054 0.057300173 -0.725912690 -0.661453247 0.205955476 0.721153200 3.143364668
0.665423393 -0.296622068 0.685001493 -0.360825121 0.351440191 0.934082508 0.063084513 -0.724596441 -0.658560216 0.198759139 0.725805283 3.144524574
0.671197951 -0.294463813 0.680282593 -0.362224460 0.337177336 0.938560843 0.073586285 -0.723411262 -0.660155118 0.179984897 0.729246616 3.145741463
0.675458074 -0.293162853 0.676618040 -0.363296211 0.330694765 0.940558910 0.077394463 -0.722919703 -0.659088314 0.171477303 0.732255518 3.146966934
0.673959970 -0.298441350 0.675803840 -0.364377379 0.339318395 0.937623084 0.075670585 -0.723023951 -0.656232476 0.178313687 0.733187020 3.146372318
0.675990820 -0.294518679 0.675496221 -0.364140987 0.335809648 0.939067125 0.073380977 -0.722729921 -0.655948341 0.177233279 0.733703017 3.146303654
0.678259611 -0.297701091 0.671816945 -0.366323292 0.340136439 0.937609315 0.072082900 -0.723795295 -0.651360989 0.179618493 0.737201571 3.146389246
0.680287004 -0.291914731 0.672306001 -0.366942167 0.339349836 0.938473284 0.064106055 -0.726530254 -0.649654746 0.184536412 0.737492442 3.147121191
0.685300231 -0.289761335 0.668133199 -0.367252886 0.337808430 0.939245760 0.060851473 -0.727218330 -0.645173669 0.183999479 0.741549134 3.147264957
0.688749075 -0.290181875 0.664393902 -0.369784892 0.334944457 0.940103889 0.063378721 -0.729089379 -0.642990708 0.178883001 0.744690478 3.149258614
0.692401409 -0.287426144 0.661790371 -0.368912756 0.330961406 0.941561282 0.062665135 -0.729851127 -0.641127825 0.175637662 0.747065306 3.150848389
0.688428521 -0.289208800 0.665150046 -0.368783593 0.330852032 0.941311598 0.066853531 -0.730819702 -0.645448089 0.174042329 0.743710995 3.152153015
0.689357877 -0.293834865 0.662153184 -0.368178189 0.333207011 0.940226614 0.070334919 -0.731800199 -0.643240929 0.172148138 0.746060491 3.155377388
0.694123149 -0.293801785 0.657171011 -0.365436554 0.331597090 0.940793812 0.070358679 -0.732686162 -0.638933897 0.169078380 0.750450552 3.161474228
0.691666424 -0.295361280 0.659059405 -0.363525927 0.335788220 0.939435303 0.068611987 -0.733570337 -0.639409006 0.173847765 0.748954654 3.164375782
0.691665769 -0.299031913 0.657402813 -0.360416114 0.337047309 0.938701987 0.072372302 -0.733397543 -0.638746917 0.171518371 0.750055909 3.168433666
0.687961400 -0.304626405 0.658719897 -0.358101487 0.335651577 0.938290298 0.083362713 -0.731710374 -0.643464923 0.163750023 0.747755826 3.170403481
0.685988843 -0.309085280 0.658699930 -0.357500076 0.341317981 0.936201274 0.083840452 -0.732576072 -0.642589569 0.167312503 0.747720003 3.172509670
0.686089277 -0.312122077 0.657161593 -0.357147336 0.341613054 0.935732424 0.087780096 -0.730759621 -0.642325521 0.164269969 0.748620987 3.175412655
0.687425733 -0.312083215 0.655781984 -0.356876016 0.341011763 0.935936689 0.087940574 -0.731204093 -0.641215146 0.163176715 0.749810994 3.176665783
0.690815091 -0.305278629 0.655423105 -0.358282804 0.337481439 0.937831104 0.081111759 -0.733484268 -0.639437854 0.165159881 0.750893772 3.178542137
0.696690083 -0.297173142 0.652925074 -0.360437930 0.325345129 0.942066193 0.081620425 -0.734354496 -0.639353991 0.155561820 0.753011942 3.178566933
0.693917513 -0.301804870 0.653752506 -0.361860216 0.329651654 0.940340161 0.084203362 -0.732872069 -0.640162706 0.157080382 0.752008975 3.175740004
0.687376559 -0.302836567 0.660154164 -0.363799930 0.327965945 0.940401614 0.089906111 -0.730616808 -0.648036897 0.154708728 0.745730162 3.169251442
0.684468746 -0.290453076 0.668684840 -0.366000772 0.330871314 0.941069663 0.070086055 -0.734757125 -0.649635732 0.173276931 0.740235448 3.165100574
0.692924857 -0.286147326 0.661796749 -0.370853543 0.327972323 0.942508578 0.064122647 -0.737204432 -0.642097652 0.172618836 0.746935964 3.167880058
0.705031037 -0.290242851 0.647062838 -0.377950847 0.329702973 0.941961527 0.063280962 -0.735302567 -0.627875149 0.168723509 0.759806037 3.168537855
0.706311107 -0.293255180 0.644302785 -0.380151629 0.327575564 0.942245960 0.069762640 -0.733437479 -0.627549946 0.161783695 0.761582017 3.168413639
0.701770425 -0.299888819 0.646208227 -0.380548239 0.328648001 0.941073239 0.079822451 -0.731476247 -0.632067144 0.156357989 0.758975208 3.167910576
0.700751007 -0.291780084 0.651008844 -0.378152490 0.315271884 0.945250094 0.084296912 -0.731189966 -0.639962316 0.146173596 0.754374981 3.169101954
0.688896835 -0.292254925 0.663331151 -0.374337018 0.316126049 0.944637775 0.087884940 -0.729545712 -0.652292490 0.149152607 0.743147373 3.167786121
0.681698322 -0.296404272 0.668903530 -0.373365700 0.324140429 0.941993058 0.087074995 -0.730171442 -0.655911922 0.157459781 0.738231659 3.166772842
0.687402129 -0.293566197 0.664302170 -0.373695314 0.326983094 0.941817999 0.077851735 -0.733591676 -0.648506343 0.163700104 0.743398845 3.175276995
0.693228006 -0.290710330 0.659486532 -0.372996211 0.318982750 0.944296658 0.080955461 -0.733741701 -0.646285534 0.154244229 0.747344494 3.183439255
0.701912165 -0.292437226 0.649461150 -0.373383284 0.317520708 0.944681466 0.082204096 -0.735505044 -0.637573481 0.148517281 0.755938292 3.197716713
0.696751237 -0.284409285 0.658520341 -0.361528516 0.307035565 0.947935343 0.084544361 -0.733738124 -0.648279905 0.143282786 0.747798920 3.202940702
0.690622568 -0.272590637 0.669876754 -0.340831161 0.289805353 0.952938914 0.088995628 -0.724254966 -0.662611008 0.132671475 0.737119317 3.214220047
0.679708362 -0.264633417 0.684080184 -0.311839223 0.284426808 0.954765916 0.086737901 -0.730852664 -0.676090181 0.135614276 0.724231184 3.227183819
0.689340234 -0.267643034 0.673184395 -0.256761014 0.319712937 0.946255684 0.048824251 -0.738475204 -0.650072038 0.181569248 0.737861037 3.257430077
0.713637710 -0.269923687 0.646422803 -0.207314551 0.337676436 0.941046357 0.020160258 -0.758083582 -0.613755524 0.203894600 0.762713075 3.308137417
